0090983
0099503
0140770
0142735
0143057
0147552
0155656
0157261
0168455
0169682
0170316
0171173
0172199
0172696
0173352
0173945
0178962
0180491
0180528
0180813
0181943
0181971
0182247
0182248
0183542
0188331
0195743
0195759
0198152
0201286
0201638
0213423
0213650
0213728
0214232
0215153
0215608
0215850
0216527
0219065
0219404
0226255
0227155
0227308
0227619
0227808
0228265
0228777
0229562
0230450
0231530
0238032
0241258
0243596
0246014
0246087
0246565
0247045
0248661
0249659
0251591
0252321
0252322
0253673
0253679
0253843
0254172
0255370
0257406
0284566
0285906
0304997
0312113
0315770
0318885
0320098
0326390
0353060
0360170
0373982
0380604
0384401
0385649
0386372
0386788
0389951
0390213
0391206
0392168
0394000
0398111
0398229
0401521
0404427
0410526
0411563
0412154
0413025
0413026
0413544
0413558
0415330
0415794
0416902
0417650
0418613
0418840
0419117
0421143
0421876
0422093
0422115
0422118
0422139
0422286
0422308
0422310
0422313
0422320
0422708
0423164
0423170
0423740
0424164
0424749
0425060
0425110
0425353
0425596
0426113
0426319
0427866
0428621
0429370
0433046
0433659
0434635
0436087
0436369
0436376
0437117
0437211
0439590
0440961
0441259
0441464
0441796
0443722
0444472
0445001
0445053
0445762
0445777
0446059
0446281
0447058
0447388
0447422
0448058
0448518
0448519
0448859
0448941
0449092
0449124
0449170
0449306
0449408
0449714
0449758
0449795
0449989
0450020
0450137
0450144
0450220
0450285
0450287
0450387
0450403
0450445
0450502
0450541
0450549
0450851
0450864
0451180
0451181
0451424
0451816
0451864
0452074
0452085
0452097
0452188
0452190
0452212
0452224
0452249
0452263
0452264
0452266
0452578
0452987
0453076
0453175
0453283
0453364
0453367
0453634
0453696
0453718
0453897
0453898
0454045
0454057
0454261
0454304
0454359
0454377
0454403
0454460
0454538
0454778
0454820
0454824
0454826
0455039
0455233
0455459
0455579
0455604
0455807
0455907
0455957
0455996
0456160
0456393
0456541
0456586
0456588
0456606
0456618
0456710
0456717
0456792
0456974
0457067
0457074
0457089
0457097
0457126
0457145
0457150
0457542
0457710
0457716
0458129
0458133
0458137
0458141
0458415
0458430
0458527
0458578
0458698
0458736
0458738
0458989
0459017
0459043
0459072
0459076
0459083
0459221
0459347
0459350
0459368
0459427
0459602
0459695
0459768
0459832
0459901
0460140
0460157
0460426
0460722
0461011
0461363
0461480
0461827
0461855
0461924
0461948
0462004
0462169
0462400
0462403
0462493
0462516
0462570
0462579
0462585
0462695
0462699
0462984
0463009
0463114
0463259
0463348
0463638
0463747
0464224
0464400
0464872
0464911
0465031
0465254
0466057
0466077
0466412
0466521
0466561
0467315
0467906
0468127
0468186
0468364
0469352
0469632
0469868
0470964
0471050
0471334
0471404
0471413
0471417
0471561
0472594
0472680
0473841
0473843
0474140
0474437
0474479
0475100
0475168
0475228
0475282
0475333
0475373
0475537
0475775
0476160
0476179
0476187
0476466
0476500
0476521
0476531
0476860
0477073
0477133
0477287
0478201
0478468
0478873
0478883
0479017
0479138
0479371
0479471
0479580
0479895
0480055
0480069
0480263
0480295
0480335
0480421
0480484
0480549
0480553
0480878
0480907
0480912
0480957
0480989
0480990
0481032
0481077
0481081
0481243
0481244
0481249
0481314
0481465
0481497
0481527
0481535
0481553
0481627
0481663
0481811
0481829
0481852
0481870
0482122
0482208
0482360
0482444
0482507
0482551
0482583
0482715
0482732
0482894
0482907
0483002
0483027
0483337
0483341
0483369
0483825
0483826
0483833
0483841
0483878
0483955
0483974
0484228
0484305
0484307
0484328
0484487
0484500
0484600
0484656
0484717
0484834
0484981
0484992
0485007
0485010
0485173
0485183
0485196
0485198
0485457
0485466
0485498
0485505
0485514
0485541
0485547
0485549
0485673
0485676
0485978
0485992
0486165
0486174
0486198
0486512
0486562
0486752
0486791
0486801
0486932
0486934
0486943
0486951
0487392
0487417
0487423
0487790
0487848
0487852
0487853
0487953
0488135
0488136
0488143
0488154
0488157
0488171
0488315
0488734
0488740
0488745
0488751
0488752
0488754
0488756
0488783
0489070
0489071
0489086
0489099
0489113
0489358
0489484
0489613
0489628
0489697
0489720
0489723
0489749
0489757
0489793
0489906
0489910
0489918
0490010
0490021
0490024
0490028
0490044
0490047
0490054
0490055
0490070
0490093
0490098
0490670
0490717
0490752
0490802
0491402
0491434
0491475
0492076
0492352
0492373
0492377
0492386
0492578
0492935
0493446
0493555
0493703
0493931
0494191
0494288
0494495
0494852
0494904
0494929
0495146
0495276
0495476
0495482
0495489
0495492
0495633
0495773
0496099
0496125
0496551
0496578
0496609
0496610
0496837
0496941
0497144
0497213
0497538
0497634
0497938
0497947
0497968
0497982
0497996
0498255
0498409
0498422
0498827
0499320
0499343
0499560
0499794
0499880
0499911
0500421
0500508
0500879
0500885
0500901
0500902
0500906
0501156
0501171
0501234
0501720
0501809
0502833
0503065
0503586
0503712
0503718
0504192
0504261
0504791
0504794
0504795
0505717
0505729
0505836
0505841
0506471
0507065
0507817
0507834
0507893
0507898
0508350
0508360
0508862
0508867
0508868
0509117
0509900
0510642
0510850
0511345
0511643
0511864
0511897
0512989
0513479
0513597
0513857
0514329
0514661
0515227
0515299
0515707
0516216
0516468
0516921
0518481
0518601
0518871
0518975
0519069
0519093
0519873
0519874
0520600
0520698
0521096
0521277
0521523
0521616
0521717
0521840
0521972
0522092
0522439
0522440
0522515
0522620
0522623
0522877
0523103
0523395
0523398
0523660
0523737
0523862
0524078
0524084
0524166
0524170
0524171
0524364
0524365
0524373
0524392
0524478
0524910
0524912
0524913
0525457
0525616
0525623
0525682
0525751
0526256
0526595
0526608
0526615
0526620
0526654
0526779
0526871
0526882
0526934
0526941
0527066
0527141
0527142
0527337
0527412
0527415
0527515
0527519
0527640
0527724
0527727
0527799
0528065
0528084
0528345
0528416
0528423
0528556
0528558
0528680
0528895
0528984
0536282
0536445
0536467
0536649
0536667
0537130
0537269
0537673
0537752
0538226
0538434
0538672
0538702
0538745
0538788
0538888
0538964
0538970
0539060
0539434
0539439
0539539
0539718
0539828
0540185
0540186
0540187
0540500
0540511
0540523
0540527
0540576
0540732
0540875
0540982
0541069
0541108
0541116
0541118
0541120
0541123
0541135
0541137
0541151
0541155
0541169
0541176
0541181
0541183
0541186
0541192
0541310
0541314
0541396
0541684
0541700
0541708
0541709
0541721
0541750
0541818
0541853
0542353
0542358
0542394
0542442
0542476
0543069
0543094
0543155
0543166
0543348
0543405
0543469
0543516
0543614
0543630
0544126
0544146
0544163
0544540
0544574
0544590
0544805
0544994
0545076
0545080
0545095
0545334
0545345
0545767
0545827
0545992
0545995
0546024
0546051
0546067
0546213
0546233
0546543
0546578
0546685
0546927
0547275
0547290
0547313
0547353
0547378
0547453
0547454
0547471
0547483
0547713
0547715
0547806
0547818
0548357
0548369
0548508
0548601
0548602
0548707
0548714
0548758
0548810
0548813
0548943
0549081
0549137
0549713
0549717
0549733
0549742
0549878
0549885
0549893
0550233
0550500
0550768
0550971
0552060
0553077
0553490
0553763
0553974
0554086
0554229
0554551
0554718
0555268
0555269
0555827
0556084
0556104
0556632
0556647
0556663
0557193
0557585
0557970
0558209
0558228
0558773
0558956
0559006
0559181
0559916
0559987
0560567
0560568
0560612
0560848
0561197
0561198
0561347
0562229
0562463
0562672
0562815
0562850
0563408
0564004
0564146
0564285
0564945
0565110
0565239
0565537
0565580
0565588
0565910
0566132
0566669
0567246
0567343
0567441
0567491
0567807
0567869
0568170
0568505
0568522
0569780
0569847
0570035
0570339
0570596
0570603
0570618
0570749
0570849
0570941
0571209
0571421
0571787
0571888
0571990
0572004
0572020
0572149
0572206
0572549
0572615
0572661
0572711
0572712
0572741
0572825
0572914
0573056
0573179
0573300
0573414
0573495
0573640
0573715
0573960
0574309
0574365
0574374
0574375
0574483
0574782
0574832
0574833
0574925
0575003
0575068
0575180
0575187
0575210
0575283
0575316
0575418
0575562
0575603
0575745
0575748
0575802
0575865
0575866
0576047
0576048
0576371
0576436
0576437
0576442
0576476
0576562
0576587
0576642
0576647
0576664
0576833
0576843
0576867
0577046
0577056
0577122
0577136
0577190
0577197
0577202
0577480
0577486
0577616
0577786
0577790
0578037
0578361
0578542
0578662
0578820
0578826
0578845
0578847
0579121
0579150
0579162
0579167
0579168
0579173
0579634
0579637
0579638
0579659
0579799
0579835
0579836
0580352
0580357
0580376
0580398
0580447
0580675
0580701
0580708
0580711
0580760
0580861
0580886
0581471
0581481
0581848
0581887
0582266
0582348
0582499
0582511
0582547
0582856
0583391
0583608
0583640
0584452
0584543
0584681
0584806
0584905
0584996
0585541
0586327
0586347
0587059
0587072
0587199
0587653
0587712
0587717
0587748
0587764
0587940
0588026
0588646
0589025
0589113
0589230
0589509
0589787
0589922
0590139
0590243
0590571
0591238
0591333
0591551
0591872
0592277
0592319
0592911
0593102
0593144
0593170
0593398
0593420
0593681
0593855
0594210
0594369
0594654
0595002
0595012
0595024
0595719
0596345
0596476
0596515
0596556
0597775
0597783
0598474
0598516
0598518
0599404
0599849
0600006
0600009
0601044
0601094
0601126
0601448
0601838
0602084
0602093
0602094
0602240
0602640
0602648
0602883
0603105
0603227
0603229
0603230
0603465
0604548
0604620
0606494
0606495
0606673
0607907
0608664
0609664
0609869
0609875
0611198
0612491
0612649
0615142
